 1 2 [] A0 
 2 2 [12] A1 
 3 3 [] A0 
 4 3 [23] A1 
 5 3 [1123] A1 
 6 3 [1123, 23] 2A1 
 7 3 [12, 23] A2 
 8 3 [1123, 12, 23] A2+ A1 
 9 4 [] A0 
 10 4 [34] A1 
 11 4 [12, 34] 2A1 
 12 4 [23, 34] A2 
 13 4 [1123, 12, 34] A2+ A1 
 14 4 [12, 23, 34] A3 
 15 4 [1123, 12, 23, 34] A4 
 16 5 [] A0 
 17 5 [45] A1 
 18 5 [23, 45] 2A1 
 19 5 [1123, 45] 2A1 
 20 5 [34, 45] A2 
 21 5 [1123, 23, 45] 3A1 
 22 5 [12, 34, 45] A2+ A1 
 23 5 [23, 34, 45] A3 
 24 5 [1123, 34, 45] A3 
 25 5 [1145, 1123, 23, 45] 4A1 
 26 5 [1123, 12, 23, 45] A2+2A1 
 27 5 [1123, 12, 34, 45] A3+ A1 
 28 5 [12, 23, 34, 45] A4 
 29 5 [1123, 23, 34, 45] D4 
 30 5 [1145, 1123, 12, 23, 45] A3+2A1 
 31 5 [1123, 12, 23, 34, 45] D5 
 32 6 [] A0 
 33 6 [56] A1 
 34 6 [34, 56] 2A1 
 35 6 [45, 56] A2 
 36 6 [12, 34, 56] 3A1 
 37 6 [23, 45, 56] A2+ A1 
 38 6 [34, 45, 56] A3 
 39 6 [1145, 1123, 23, 45] 4A1 
 40 6 [1123, 23, 45, 56] A2+2A1 
 41 6 [12, 23, 45, 56] 2A2 
 42 6 [12, 34, 45, 56] A3+ A1 
 43 6 [23, 34, 45, 56] A4 
 44 6 [1123, 23, 34, 45] D4 
 45 6 [1123, 12, 23, 45, 56] 2A2+ A1 
 46 6 [1145, 1123, 23, 45, 56] A3+2A1 
 47 6 [1123, 12, 34, 45, 56] A4+ A1 
 48 6 [12, 23, 34, 45, 56] A5 
 49 6 [1123, 23, 34, 45, 56] D5 
 50 6 [1456, 1123, 12, 23, 45, 56] 3A2 
 51 6 [1145, 1123, 12, 23, 45, 56] A5+ A1 
 52 6 [1123, 12, 23, 34, 45, 56] E6 
 53 7 [] A0 
 54 7 [67] A1 
 55 7 [45, 67] 2A1 
 56 7 [56, 67] A2 
 57 7 [23, 45, 67] 3A1 
 58 7 [1123, 45, 67] 3A1 
 59 7 [34, 56, 67] A2+ A1 
 60 7 [45, 56, 67] A3 
 61 7 [1123, 23, 45, 67] 4A1 
 62 7 [1145, 1123, 23, 45] 4A1 
 63 7 [12, 34, 56, 67] A2+2A1 
 64 7 [23, 34, 56, 67] 2A2 
 65 7 [23, 45, 56, 67] A3+ A1 
 66 7 [1123, 45, 56, 67] A3+ A1 
 67 7 [34, 45, 56, 67] A4 
 68 7 [1123, 23, 34, 45] D4 
 69 7 [1145, 1123, 23, 45, 67] 5A1 
 70 7 [1123, 12, 23, 45, 67] A2+3A1 
 71 7 [1123, 12, 34, 56, 67] 2A2+ A1 
 72 7 [1123, 23, 45, 56, 67] A3+2A1 
 73 7 [1145, 1123, 23, 45, 56] A3+2A1 
 74 7 [12, 23, 45, 56, 67] A3+ A2 
 75 7 [12, 34, 45, 56, 67] A4+ A1 
 76 7 [23, 34, 45, 56, 67] A5 
 77 7 [1123, 34, 45, 56, 67] A5 
 78 7 [1123, 23, 34, 45, 67] D4+ A1 
 79 7 [1123, 23, 34, 45, 56] D5 
 80 7 [1567, 1347, 1127, 12, 34, 56] 6A1 
 81 7 [1456, 1123, 12, 23, 45, 56] 3A2 
 82 7 [1145, 1123, 12, 23, 45, 67] A3+3A1 
 83 7 [1123, 12, 23, 45, 56, 67] A3+ A2+ A1 
 84 7 [278, 12, 23, 34, 56, 67] 2A3 
 85 7 [1123, 12, 23, 34, 56, 67] A4+ A2 
 86 7 [1123, 12, 34, 45, 56, 67] A5+ A1 
 87 7 [1145, 1123, 12, 23, 45, 56] A5+ A1 
 88 7 [12, 23, 34, 45, 56, 67] A6 
 89 7 [1145, 1123, 23, 45, 56, 67] D4+2A1 
 90 7 [1123, 12, 23, 34, 45, 67] D5+ A1 
 91 7 [1123, 23, 34, 45, 56, 67] D6 
 92 7 [1123, 12, 23, 34, 45, 56] E6 
 93 7 [278, 1567, 1347, 1127, 12, 34, 56] 7A1 
 94 7 [278, 1567, 12, 23, 34, 56, 67] 2A3+ A1 
 95 7 [1456, 1123, 12, 23, 45, 56, 67] A5+ A2 
 96 7 [278, 12, 23, 34, 45, 56, 67] A7 
 97 7 [278, 1347, 1127, 12, 34, 45, 56] D4+3A1 
 98 7 [1145, 1123, 12, 23, 45, 56, 67] D6+ A1 
 99 7 [1123, 12, 23, 34, 45, 56, 67] E7 
 100 8 [] A0 
 101 8 [78] A1 
 102 8 [56, 78] 2A1 
 103 8 [67, 78] A2 
 104 8 [34, 56, 78] 3A1 
 105 8 [45, 67, 78] A2+ A1 
 106 8 [56, 67, 78] A3 
 107 8 [12, 34, 56, 78] 4A1 
 108 8 [1145, 1123, 23, 45] 4A1 
 109 8 [23, 45, 67, 78] A2+2A1 
 110 8 [34, 45, 67, 78] 2A2 
 111 8 [34, 56, 67, 78] A3+ A1 
 112 8 [45, 56, 67, 78] A4 
 113 8 [1123, 23, 34, 45] D4 
 114 8 [1145, 1123, 23, 45, 78] 5A1 
 115 8 [1123, 23, 45, 67, 78] A2+3A1 
 116 8 [12, 34, 45, 67, 78] 2A2+ A1 
 117 8 [12, 34, 56, 67, 78] A3+2A1 
 118 8 [1145, 1123, 23, 45, 56] A3+2A1 
 119 8 [23, 34, 56, 67, 78] A3+ A2 
 120 8 [23, 45, 56, 67, 78] A4+ A1 
 121 8 [34, 45, 56, 67, 78] A5 
 122 8 [1123, 23, 34, 45, 78] D4+ A1 
 123 8 [1123, 23, 34, 45, 56] D5 
 124 8 [1567, 1347, 1127, 12, 34, 56] 6A1 
 125 8 [1145, 1123, 23, 45, 67, 78] A2+4A1 
 126 8 [1123, 12, 23, 45, 67, 78] 2A2+2A1 
 127 8 [1456, 1123, 12, 23, 45, 56] 3A2 
 128 8 [1145, 1123, 23, 45, 56, 78] A3+3A1 
 129 8 [1123, 12, 34, 56, 67, 78] A3+ A2+ A1 
 130 8 [12, 23, 34, 56, 67, 78] 2A3 
 131 8 [1567, 1145, 1127, 12, 56, 78] 2A3 
 132 8 [1123, 23, 45, 56, 67, 78] A4+2A1 
 133 8 [12, 23, 45, 56, 67, 78] A4+ A2 
 134 8 [12, 34, 45, 56, 67, 78] A5+ A1 
 135 8 [1145, 1123, 12, 23, 45, 56] A5+ A1 
 136 8 [23, 34, 45, 56, 67, 78] A6 
 137 8 [1145, 1123, 23, 45, 56, 67] D4+2A1 
 138 8 [1123, 23, 34, 45, 67, 78] D4+ A2 
 139 8 [1123, 23, 34, 45, 56, 78] D5+ A1 
 140 8 [1123, 23, 34, 45, 56, 67] D6 
 141 8 [1123, 12, 23, 34, 45, 56] E6 
 142 8 [278, 1567, 1347, 1127, 12, 34, 56] 7A1 
 143 8 [1456, 1123, 12, 23, 45, 56, 78] 3A2+ A1 
 144 8 [278, 1347, 1127, 12, 34, 56, 78] A3+4A1 
 145 8 [1145, 1123, 12, 23, 45, 67, 78] A3+ A2+2A1 
 146 8 [1678, 1456, 1347, 1123, 12, 45, 78] 2A3+ A1 
 147 8 [1123, 12, 23, 45, 56, 67, 78] A4+ A2+ A1 
 148 8 [1123, 12, 23, 34, 56, 67, 78] A4+ A3 
 149 8 [1145, 1123, 12, 23, 45, 56, 78] A5+2A1 
 150 8 [1456, 1123, 12, 23, 45, 56, 67] A5+ A2 
 151 8 [1123, 12, 34, 45, 56, 67, 78] A6+ A1 
 152 8 [12, 23, 34, 45, 56, 67, 78] A7 
 153 8 [1567, 1145, 1127, 12, 23, 56, 78] A7 
 154 8 [1567, 1347, 1127, 12, 34, 56, 78] D4+3A1 
 155 8 [1567, 1347, 1145, 1127, 12, 56, 78] D4+ A3 
 156 8 [1145, 1123, 23, 45, 56, 67, 78] D5+2A1 
 157 8 [1123, 12, 23, 34, 45, 67, 78] D5+ A2 
 158 8 [1145, 1123, 12, 23, 45, 56, 67] D6+ A1 
 159 8 [1123, 23, 34, 45, 56, 67, 78] D7 
 160 8 [1123, 12, 23, 34, 45, 56, 78] E6+ A1 
 161 8 [1123, 12, 23, 34, 45, 56, 67] E7 
 162 8 [308, 278, 1567, 1347, 1127, 12, 34, 56] 8A1 
 163 8 [1123, 1345, 1156, 1258, 1367, 1247, 1468, 1178] 4A2 
 164 8 [308, 278, 1567, 12, 23, 34, 56, 67] 2A3+2A1 
 165 8 [278, 1678, 12, 23, 34, 45, 67, 78] 2A4 
 166 8 [1678, 1145, 1123, 12, 23, 45, 67, 78] A5+ A2+ A1 
 167 8 [234, 1145, 1123, 12, 23, 56, 67, 78] A7+ A1 
 168 8 [1567, 1123, 12, 23, 34, 56, 67, 78] A8 
 169 8 [278, 1567, 1347, 1127, 12, 34, 56, 78] D4+4A1 
 170 8 [234, 278, 12, 23, 34, 56, 67, 78] 2D4 
 171 8 [278, 1567, 12, 23, 34, 56, 67, 78] D5+ A3 
 172 8 [278, 1347, 1127, 12, 34, 45, 56, 78] D6+2A1 
 173 8 [278, 12, 23, 34, 45, 56, 67, 78] D8 
 174 8 [1456, 1123, 12, 23, 45, 56, 67, 78] E6+ A2 
 175 8 [1145, 1123, 12, 23, 45, 56, 67, 78] E7+ A1 
 176 8 [1123, 12, 23, 34, 45, 56, 67, 78] E8 
